10,8
21,8
22,8
23,8
24,8
25,8
27,8
28,8
29,8
20,8
311,8
312,7
313,7
314,7
315,7
316,7
317,7
318,7
319,7
310,7
335,7
351,7
352,7
353,7
354,7
355,7
356,7
357,7
358,7
359,7
350,7
349,7
371,8
372,7
373,7
374,7
375,7
376,7
377,8
379,8
370,7
391,7
392,7
393,7
394,7
395,7
396,7
398,7
411,7
412,7
415,7
416,7
417,7
418,7
419,7
421,7
427,7
429,7
431,8
432,7
433,7
434,7
435,7
436,7
437,7
438,7
439,7
440,7
451,8
452,7
453,7
454,7
455,7
456,7
457,7
458,7
459,7
464,7
467,7
468,7
469,7
471,7
472,7
473,7
474,7
475,7
476,7
477,7
478,7
479,7
470,7
482,7
483,7
511,7
512,7
513,8
514,7
515,7
516,7
517,7
518,7
519,7
510,7
523,7
527,7
531,8
532,8
533,7
534,7
535,7
536,7
537,7
538,7
539,7
530,7
543,7
546,7
551,8
552,7
553,7
554,7
555,7
556,7
557,7
558,7
559,7
550,7
561,7
562,7
563,7
564,7
566,7
571,8
572,7
573,8
574,8
575,8
576,8
577,8
578,7
579,8
570,7
580,7
591,8
592,7
593,7
594,7
595,8
596,7
597,7
598,7
599,7
631,7
632,7
633,7
634,7
635,7
662,7
663,7
668,7
660,7
691,7
692,7
711,7
712,7
713,7
714,7
715,7
716,7
717,7
718,7
719,7
710,7
722,7
724,7
728,7
731,8
734,7
735,7
736,7
737,7
738,7
739,7
730,7
743,7
744,7
745,7
746,7
751,7
752,7
753,7
754,8
755,8
756,7
757,8
758,7
759,7
750,7
760,8
762,7
763,7
766,7
768,7
769,8
771,7
772,7
773,7
774,7
775,7
776,7
777,7
778,7
779,7
770,7
791,8
792,7
793,7
794,7
795,7
796,7
797,7
798,7
799,7
790,7
701,7
812,7
813,7
816,7
817,7
818,7
825,7
826,7
827,7
831,7
832,7
833,7
834,7
835,7
836,7
837,7
838,7
839,7
830,7
851,8
854,7
855,7
856,7
857,7
858,7
859,7
871,8
872,7
873,7
874,7
875,7
876,7
877,7
878,7
879,7
870,7
883,7
886,7
887,7
888,7
891,7
892,7
893,7
894,7
895,7
896,7
897,7
898,7
911,7
912,7
913,7
914,7
915,7
916,7
917,7
919,7
931,7
932,7
933,7
934,7
935,7
936,7
937,7
938,7
939,7
930,7
941,7
943,7
951,7
952,7
953,7
954,7
955,7
971,7
972,7
973,7
974,7
975,7
976,7
977,7
978,7
979,7
970,7
991,7
992,7
993,7
994,7
995,7
996,7
997,7
998,7
999,7
990,7
901,7
902,7
903,7
906,7
908,7
909,7
